7.301904
0.000000
0.000000
0.000000
0.000000
0.000000
0.000000
0.000000
0.000000
0.000000
0.000000
0.000000
0.000000
0.000000
0.000000
0.113869
-0.254793
0.000000
0.000000
0.000000
0.000000
0.000000
0.000000
0.000000
0.000000
0.000000
0.000000
0.000000
0.000000
0.000000
-0.785636
-0.007260
-0.000133
0.000000
0.000000
0.000000
0.000000
0.000000
0.000000
0.000000
0.000000
0.000000
0.000000
0.000000
0.000000
0.044972
0.133046
0.000318
0.000169
0.000000
0.000000
0.000000
0.000000
0.000000
0.000000
0.000000
0.000000
0.000000
0.000000
0.000000
-1.882643
0.001646
0.000674
-0.001450
-0.000141
0.000000
0.000000
0.000000
0.000000
0.000000
0.000000
0.000000
0.000000
0.000000
0.000000
-0.085731
0.074431
0.000116
0.000443
-0.001868
0.000172
0.000000
0.000000
0.000000
0.000000
0.000000
0.000000
0.000000
0.000000
0.000000
0.707663
0.010375
-0.000243
-0.001166
-0.000470
-0.000025
-0.000057
0.000000
0.000000
0.000000
0.000000
0.000000
0.000000
0.000000
0.000000
-0.007911
-0.120359
-0.000437
-0.000072
-0.002219
0.000651
-0.000060
0.000092
0.000000
0.000000
0.000000
0.000000
0.000000
0.000000
0.000000
0.644753
-0.007093
-0.000732
0.001676
-0.000103
-0.000024
-0.000187
0.000141
0.000092
0.000000
0.000000
0.000000
0.000000
0.000000
0.000000
0.068600
-0.003506
0.000012
-0.000495
0.001508
0.000370
-0.000135
0.000419
0.000036
0.000001
0.000000
0.000000
0.000000
0.000000
0.000000
-0.566026
-0.009538
0.000660
0.000944
0.000497
0.000010
-0.000173
0.000309
0.000458
-0.000090
-0.000023
0.000000
0.000000
0.000000
0.000000
-0.019208
0.095601
0.000521
0.000223
0.002273
-0.000608
-0.000029
0.000484
0.000098
-0.000029
0.000030
-0.000022
0.000000
0.000000
0.000000
-0.178631
0.012869
0.000538
-0.002233
0.000029
0.000031
0.000136
0.000130
0.000643
-0.000257
-0.000004
-0.000067
-0.000002
0.000000
0.000000
-0.048465
-0.039435
-0.000237
0.000486
-0.002226
-0.000347
0.000147
-0.000173
0.000060
-0.000041
0.000120
-0.000149
-0.000025
0.000009
0.000000
0.409054
0.004882
-0.001013
-0.000224
-0.000568
-0.000028
0.000182
-0.000275
-0.000017
-0.000241
0.000007
-0.000225
0.000032
0.000000
-0.000019
